1 [[1, 14], [2, 18], [3, 21], [6, 19], [9, 21], [12, 15], [13, 17], [14, 21], [15, 11], [16, 15], [17, 21], [20, 21], [21, 19], [23, 15], [25, 17], [26, 15], [28, 9], [30, 15], [31, 19], [34, 12], [35, 15], [37, 18], [40, 8], [41, 21], [42, 17], [44, 19], [45, 21], [46, 15], [47, 10], [48, 13], [49, 16], [50, 18], [51, 19], [53, 14]]
2 [[1, 17], [3, 20], [4, 21], [7, 20], [8, 23], [10, 9], [11, 22], [12, 22], [15, 18], [16, 21], [18, 19], [20, 17], [21, 24], [23, 19], [25, 18], [26, 22], [27, 20], [30, 13], [31, 24], [32, 22], [33, 20], [34, 20], [36, 21], [38, 4], [39, 24], [40, 16], [43, 13], [44, 20], [46, 15], [47, 24], [50, 20], [52, 16], [53, 18], [55, 14], [56, 23], [57, 14], [58, 13], [59, 20], [60, 20], [61, 16], [62, 10], [63, 22], [64, 19], [65, 24], [66, 23], [67, 7], [68, 22], [70, 16], [71, 23], [72, 24], [74, 15], [76, 13], [77, 17], [78, 17], [80, 18], [81, 8], [82, 18], [83, 13]]
3 [[1, 48], [3, 41], [5, 36], [8, 32], [9, 35], [10, 31], [11, 35], [12, 48], [14, 5], [16, 45], [17, 36], [18, 39], [19, 28]]
4 [[1, 45], [2, 42], [4, 42], [5, 22], [6, 44], [9, 48], [11, 47], [13, 18], [14, 36], [15, 23], [16, 44], [17, 29], [19, 45], [21, 36], [25, 43]]
5 [[1, 14], [2, 18], [4, 22], [5, 13], [7, 23], [8, 2], [9, 23], [10, 21], [12, 22], [13, 23], [14, 8], [15, 20], [17, 12], [18, 14], [19, 13], [20, 19], [23, 13], [24, 22], [26, 15], [28, 22], [29, 14], [30, 22], [32, 19], [34, 17], [35, 20], [37, 17], [38, 21], [39, 14], [40, 20], [41, 16], [43, 21], [44, 23], [45, 23], [48, 19], [49, 21], [50, 21], [51, 17], [52, 21], [53, 14], [55, 23], [56, 4], [57, 22], [58, 23], [59, 15], [61, 20], [62, 8], [63, 23], [64, 19], [66, 13], [67, 17], [68, 19], [70, 16], [71, 19], [73, 7], [74, 20], [76, 19], [79, 23], [80, 12], [82, 23]]
6 [[1, 9], [2, 24], [3, 20], [5, 23]]
7 [[1, 24], [3, 3], [4, 25], [5, 12], [6, 23], [7, 23], [10, 20], [11, 26], [12, 22], [14, 20], [15, 18], [16, 24], [17, 22], [19, 11], [21, 24], [22, 24], [23, 7], [25, 22]]
8 [[1, 31], [2, 24], [3, 22], [4, 27], [5, 26], [7, 26], [9, 13]]
9 [[1, 36], [4, 27], [5, 34], [7, 28], [8, 24], [10, 27], [12, 32], [13, 16]]
10 [[1, 11], [2, 15], [3, 20], [4, 15], [5, 10], [6, 18], [7, 7], [8, 17], [9, 18], [11, 20], [12, 5], [13, 21], [14, 21], [15, 18], [17, 22], [18, 14], [20, 23], [21, 15], [22, 22], [23, 18], [24, 21], [25, 13], [26, 17], [27, 23], [29, 10], [30, 23], [31, 18], [32, 12], [33, 12], [34, 14], [35, 13], [36, 13], [37, 12], [38, 21], [39, 21], [40, 17], [41, 16], [42, 21], [43, 14], [44, 19], [46, 21], [48, 13], [49, 17], [50, 17], [51, 17]]
11 [[1, 15], [3, 19], [5, 20], [8, 16], [11, 16], [13, 19], [14, 17], [16, 15], [17, 19], [19, 17], [21, 7], [22, 20], [24, 19], [26, 7], [27, 15], [28, 17], [30, 10], [31, 13], [32, 19], [33, 16], [36, 20], [39, 20], [40, 7], [41, 16], [42, 15], [44, 10], [45, 17], [47, 17]]
12 [[1, 24], [4, 23], [6, 13], [7, 26], [9, 19], [11, 24], [12, 28], [13, 24], [14, 26], [16, 14], [17, 25], [18, 21], [20, 16], [21, 17], [22, 14], [23, 29], [25, 28], [27, 29], [29, 28], [30, 29], [31, 20], [32, 26], [33, 23], [34, 26], [35, 27], [38, 27], [39, 28], [40, 23], [42, 25], [44, 29], [45, 11], [46, 29], [47, 5], [48, 29], [49, 12], [50, 29], [51, 28], [53, 27], [56, 5], [57, 29], [58, 27], [60, 27], [61, 26], [62, 8], [63, 23], [64, 11], [65, 25], [66, 19], [67, 13], [69, 26], [70, 17], [71, 17], [72, 25], [73, 24], [75, 12], [76, 22], [77, 11], [78, 28], [79, 13], [80, 28], [82, 29], [84, 22]]
13 [[1, 36], [2, 14], [3, 36], [5, 35], [7, 37], [9, 12], [10, 30], [11, 35], [14, 36], [17, 36], [19, 26], [20, 33], [21, 26], [22, 31], [23, 21], [24, 28], [26, 36], [27, 25], [29, 22], [30, 23], [31, 34], [32, 28], [35, 19], [36, 32], [37, 31], [40, 17], [41, 36], [42, 23], [43, 23], [44, 20], [46, 35], [47, 21], [48, 37], [49, 33]]
14 [[1, 56], [2, 52], [4, 36], [5, 33], [6, 38], [8, 33]]
15 [[1, 33], [2, 35], [4, 32], [7, 18], [8, 25], [9, 32], [11, 34], [12, 9], [13, 31], [14, 35], [15, 25], [16, 25], [17, 29], [18, 35], [19, 24], [21, 32], [22, 33], [24, 13]]
16 [[1, 26], [2, 25], [3, 25], [4, 17], [6, 12], [7, 18], [8, 27], [9, 14], [10, 18], [11, 24], [12, 7], [13, 22], [14, 26], [16, 28], [17, 22], [18, 20], [19, 19], [20, 21], [21, 27], [22, 20], [23, 25], [24, 28], [25, 27], [27, 25], [28, 15], [29, 18], [30, 26], [31, 28], [34, 16], [35, 23], [36, 16], [37, 24], [38, 28], [40, 27], [42, 28], [45, 24], [47, 21], [48, 21], [49, 20], [50, 25], [51, 24], [53, 12], [55, 19], [56, 28], [57, 12], [58, 20], [59, 27], [60, 25], [61, 15], [62, 22], [63, 22], [65, 28], [68, 26], [70, 22], [75, 21], [76, 15], [77, 23], [78, 19], [80, 16], [81, 13], [82, 16], [83, 18], [84, 18], [86, 24], [88, 27], [90, 26], [91, 26], [92, 23], [94, 24]]
17 [[1, 20], [3, 11], [4, 16], [5, 19], [6, 13], [7, 20], [10, 2], [11, 20], [12, 15], [16, 17], [17, 19], [18, 9], [19, 17], [20, 20], [22, 13], [25, 18]]
18 [[1, 25], [2, 36], [3, 37], [5, 25], [6, 41], [7, 21], [9, 54], [10, 38], [12, 42], [13, 38], [15, 44], [16, 37], [17, 53], [18, 41], [19, 25], [20, 45], [21, 51], [22, 51], [25, 43], [26, 37]]
19 [[1, 23], [2, 13], [4, 15], [5, 20], [6, 17], [7, 16], [8, 17], [9, 25], [11, 24], [14, 7], [15, 24], [17, 12], [19, 18], [20, 24], [21, 25], [22, 24], [23, 13], [25, 16], [27, 14], [28, 19], [29, 13]]
20 [[1, 8], [3, 19], [4, 15]]
21 [[1, 30], [2, 19], [4, 14], [5, 22], [6, 17], [8, 21], [10, 16], [11, 27], [13, 20], [14, 24], [17, 13], [18, 30], [20, 8], [21, 25], [22, 31], [24, 23], [25, 12], [26, 24], [27, 29], [28, 18], [29, 24], [30, 21], [31, 24]]
22 [[1, 43], [2, 39], [3, 28], [4, 43], [5, 51], [8, 35], [10, 53]]
23 [[1, 10], [3, 18], [6, 16], [8, 16], [9, 15], [10, 21], [12, 18], [14, 20], [16, 16], [18, 11], [19, 18], [20, 19], [21, 17], [23, 18], [24, 16], [25, 21], [27, 14], [28, 20], [29, 17], [31, 21], [32, 11], [34, 15], [35, 21], [37, 18], [38, 9], [39, 17], [40, 19], [41, 14], [42, 16], [43, 21], [45, 21], [47, 18], [48, 18], [49, 19], [50, 10], [51, 15], [52, 18], [54, 15], [55, 14], [57, 11], [58, 20], [59, 17], [60, 17], [62, 14], [63, 19], [66, 12], [67, 20], [68, 18], [69, 17], [70, 8], [71, 19], [72, 20], [75, 20], [77, 18], [78, 9], [79, 13], [80, 20], [81, 20], [83, 4], [84, 21], [85, 14], [86, 19], [88, 19], [89, 12], [90, 21], [91, 19], [94, 12], [96, 17], [97, 6]]
24 [[1, 4], [2, 19], [3, 17], [4, 17], [5, 20], [6, 17], [8, 11], [9, 16], [10, 14], [11, 14], [12, 17], [13, 8], [14, 20], [17, 13], [18, 18], [19, 15], [20, 20], [21, 18], [22, 14], [23, 11], [24, 13], [25, 8], [26, 15], [27, 18], [28, 20], [29, 17], [30, 17], [32, 14], [34, 20], [35, 12], [38, 11], [40, 10], [41, 17], [42, 19], [43, 7], [44, 15], [45, 14], [46, 13], [47, 19], [48, 11], [49, 20], [50, 14], [51, 19], [52, 14], [53, 17], [54, 8], [56, 14], [57, 13], [58, 20], [59, 18], [60, 7], [61, 17], [62, 20], [63, 8], [64, 13], [65, 15], [66, 8], [67, 15], [68, 20], [69, 19], [70, 12], [71, 12], [72, 20], [73, 15]]
25 [[1, 32], [2, 38], [5, 37], [6, 34], [7, 36], [10, 34], [11, 20], [12, 35], [14, 26], [15, 25], [16, 33], [18, 37], [19, 13], [20, 37], [22, 28], [24, 28], [25, 38], [26, 31], [27, 30], [28, 36], [29, 22], [30, 19], [31, 25], [34, 28], [35, 36], [36, 38], [39, 30], [41, 14], [42, 25], [43, 23], [44, 35], [45, 19], [48, 29], [49, 34], [52, 30], [54, 11], [55, 30], [56, 25], [57, 34], [58, 27], [60, 25], [61, 38], [62, 17], [63, 32], [64, 15], [65, 28], [66, 27], [67, 18], [68, 32], [69, 15], [70, 27], [71, 29], [72, 36], [73, 13], [74, 38], [76, 26], [77, 22], [78, 31], [79, 24], [80, 34], [81, 18], [82, 35], [84, 20], [85, 24], [86, 27], [87, 14], [88, 31], [90, 32], [91, 29], [94, 22], [95, 28], [96, 18], [97, 24], [98, 18]]
26 [[1, 21], [2, 13], [5, 15], [6, 8], [7, 19], [8, 4], [9, 22], [10, 19], [11, 19], [13, 20], [15, 8], [16, 21], [17, 7], [18, 20], [19, 22], [20, 19], [24, 22], [27, 13], [29, 15], [31, 20], [32, 16], [33, 18], [34, 19], [36, 18], [37, 21], [38, 16], [40, 9], [41, 16], [42, 19], [43, 22], [44, 14], [45, 10], [46, 15], [47, 22], [48, 16], [50, 22], [51, 11], [52, 12], [53, 19], [54, 19], [56, 11], [58, 16], [59, 13], [60, 19], [61, 19], [62, 13], [63, 13], [64, 20], [67, 12], [69, 18], [71, 11], [72, 20], [74, 19], [75, 19], [77, 21], [81, 6]]
27 [[1, 24], [3, 19], [6, 26], [8, 20]]
28 [[1, 15], [2, 19], [3, 18], [5, 20], [7, 5], [8, 19], [9, 13], [11, 18], [13, 20], [14, 15], [16, 12], [17, 16], [18, 11], [19, 12], [21, 15], [22, 15], [23, 17], [24, 18], [26, 16], [28, 19], [29, 9], [31, 18], [32, 17], [35, 16]]
29 [[1, 27], [3, 16], [4, 17], [5, 30], [7, 20], [8, 13], [10, 23], [12, 27], [14, 17], [15, 30], [16, 23], [17, 14], [18, 30], [19, 29], [20, 15], [21, 24], [23, 27], [25, 11], [26, 21], [27, 21], [28, 24], [29, 23], [31, 25], [32, 14], [33, 21], [34, 16], [35, 28], [36, 19], [38, 18], [39, 29], [40, 25], [42, 15], [43, 24], [44, 14], [45, 19], [46, 19], [48, 13], [49, 26], [50, 20], [52, 28], [53, 20], [54, 15], [55, 28], [57, 14], [58, 26], [59, 20], [60, 26], [62, 24], [64, 15], [66, 23], [67, 21], [68, 28], [69, 22], [73, 30], [74, 23], [76, 23]]
30 [[1, 13], [3, 19], [4, 13], [5, 15], [7, 14], [9, 14], [10, 20], [13, 6], [14, 20], [15, 13], [16, 21], [17, 19], [20, 11], [22, 18], [23, 17], [24, 18], [25, 12], [26, 21], [28, 20], [29, 11], [30, 15], [31, 21], [32, 17], [34, 7], [35, 19], [37, 21], [38, 3], [39, 21], [40, 18], [44, 11], [46, 17], [47, 10], [48, 20], [50, 20], [52, 19], [55, 14], [56, 17], [57, 11], [58, 16], [59, 17], [61, 8]]
31 [[1, 17], [2, 22], [3, 21], [4, 19], [6, 27], [7, 20], [9, 27], [10, 16], [13, 21], [14, 14], [15, 19], [16, 19], [18, 18], [19, 13], [20, 27], [21, 21], [23, 24], [25, 23], [26, 27], [27, 14], [29, 26], [31, 26], [32, 20], [33, 27], [35, 27], [37, 26], [40, 21], [41, 23], [43, 18], [44, 20], [45, 25], [46, 10], [47, 26], [48, 13], [49, 19], [50, 13], [51, 22], [53, 11], [54, 28], [55, 27], [56, 19], [57, 12], [58, 28], [60, 9], [62, 28], [63, 15], [64, 20], [65, 10], [66, 26], [68, 16], [69, 20], [70, 28], [71, 10], [72, 19], [73, 22], [74, 7], [75, 23], [76, 12]]
32 [[1, 20], [2, 13], [4, 16], [5, 23], [6, 8], [7, 19], [8, 9], [9, 18], [10, 22], [11, 22], [13, 18], [15, 20], [16, 22], [17, 10], [18, 15], [19, 12], [20, 20], [21, 22], [23, 19], [25, 10], [26, 21], [27, 23], [32, 16], [34, 20], [35, 20], [36, 23], [37, 16], [39, 8], [40, 18], [41, 6], [42, 23], [43, 23], [46, 19], [48, 20], [50, 19], [52, 7], [53, 23], [54, 14], [55, 17], [56, 23], [58, 15], [60, 14], [61, 17], [62, 18], [63, 17], [65, 13], [66, 19], [68, 16], [69, 23], [71, 19], [73, 10]]
33 [[1, 32], [3, 42], [4, 14], [5, 43], [6, 46], [7, 44], [10, 37], [12, 41], [13, 33], [14, 19], [15, 47], [16, 42], [19, 41], [20, 32], [21, 42], [22, 27], [23, 29], [24, 42], [25, 47], [27, 20], [28, 36], [29, 42], [31, 33], [33, 29], [36, 46], [38, 22], [40, 44], [44, 43], [48, 48], [52, 28], [56, 42], [57, 41], [59, 38], [61, 33], [62, 48], [63, 39], [66, 42], [68, 38], [71, 27], [72, 48], [74, 29], [75, 35], [76, 29], [77, 27], [78, 37], [79, 26], [80, 23], [81, 31], [82, 18], [83, 43], [84, 34], [85, 22], [87, 40], [88, 36], [90, 44], [93, 36], [95, 32], [96, 45]]
34 [[1, 30], [2, 38], [4, 17], [5, 35], [6, 40], [8, 39], [9, 36], [10, 43], [12, 41], [16, 33], [18, 24], [20, 23], [21, 40], [22, 36], [23, 33], [25, 34], [27, 36], [28, 29], [29, 38], [30, 43], [32, 43], [33, 40], [34, 16], [35, 41], [36, 8]]
35 [[1, 17], [2, 14], [3, 21], [4, 20]]
36 [[1, 20], [2, 19], [3, 31], [4, 28], [8, 21], [9, 23], [10, 27], [11, 22], [13, 30], [15, 30], [16, 26], [19, 31], [20, 20], [21, 27], [22, 8], [23, 29], [24, 32], [26, 20], [28, 28], [29, 29], [30, 23], [32, 23], [33, 25], [35, 32], [36, 32], [39, 23], [41, 30], [42, 31], [45, 29], [47, 19], [48, 32], [49, 27], [50, 26], [51, 11], [52, 24], [53, 16], [54, 18], [55, 26], [56, 23], [57, 14], [58, 24], [60, 28], [61, 11], [63, 28], [64, 17], [65, 30], [67, 26], [68, 30], [73, 23], [76, 32], [77, 30], [78, 29], [80, 31], [81, 31], [82, 27], [83, 27], [84, 30], [86, 17]]
37 [[1, 15], [2, 46], [4, 22], [7, 35], [9, 42], [10, 35], [11, 41], [12, 20]]
38 [[1, 37], [3, 35]]
39 [[1, 57], [2, 51], [5, 34], [8, 34], [9, 57], [11, 42], [13, 27], [14, 56], [15, 57], [17, 44], [19, 45], [20, 42], [21, 32], [22, 43], [23, 47], [26, 56], [28, 36], [31, 56], [32, 17], [33, 47], [34, 55], [35, 46], [37, 57], [40, 15], [41, 52], [42, 24], [44, 46], [45, 55], [46, 54], [47, 47], [48, 18], [49, 46], [50, 22], [51, 53], [52, 34], [54, 46], [55, 58], [57, 54], [60, 53], [62, 26], [64, 47], [66, 49], [68, 28], [70, 43], [72, 49], [74, 32], [75, 29], [76, 54], [78, 50], [81, 54], [83, 56], [84, 35], [85, 45]]
40 [[1, 52], [4, 68]]
41 [[1, 32], [3, 44], [7, 15], [8, 34], [9, 34], [11, 31], [12, 30], [13, 30], [14, 44], [15, 17], [17, 40], [18, 33], [20, 41], [21, 17], [22, 40], [24, 31], [26, 39], [27, 24], [28, 38], [29, 40], [30, 15]]
42 [[1, 31], [3, 28], [4, 15], [5, 36], [7, 16], [9, 38], [10, 38], [12, 29], [14, 31], [16, 29], [17, 37], [18, 38], [19, 36], [20, 28], [21, 37], [23, 26], [25, 31], [27, 36], [28, 21], [29, 35], [31, 25], [32, 33], [34, 31], [35, 31], [37, 39], [39, 19], [40, 34], [41, 38], [42, 38], [45, 27], [46, 20], [48, 38], [49, 39], [50, 39], [53, 39], [55, 39], [56, 39], [58, 25], [59, 28], [60, 37], [61, 36], [62, 24], [63, 28], [64, 22]]
43 [[1, 23], [4, 12], [5, 15], [6, 21], [7, 20], [8, 19], [9, 20], [12, 13], [13, 19], [14, 22], [15, 21], [16, 18], [17, 11], [18, 21], [21, 21], [22, 19], [24, 10]]
44 [[1, 17], [4, 9], [5, 16], [6, 9], [7, 20], [8, 24], [10, 21], [12, 17], [13, 19], [14, 20], [15, 20], [17, 24], [19, 14], [21, 18], [22, 9], [23, 20], [24, 17], [25, 18], [27, 16], [28, 20], [29, 10], [31, 24], [32, 18], [34, 18]]
45 [[1, 30], [3, 7]]
46 [[1, 31], [2, 26], [3, 29], [4, 29]]
47 [[1, 19], [2, 30], [3, 31], [6, 23], [9, 17], [10, 29], [11, 25], [12, 17], [13, 25], [14, 15], [15, 31], [18, 31], [20, 31], [22, 29], [25, 31], [26, 10], [27, 31], [28, 19], [29, 29], [31, 23], [32, 30], [35, 30], [37, 29], [39, 31], [40, 29], [41, 17], [42, 23], [43, 27], [44, 5]]
48 [[1, 24], [2, 16], [3, 16], [4, 30], [5, 26], [7, 31], [10, 26]]
49 [[1, 13], [2, 14], [3, 12], [4, 19], [5, 14], [7, 17], [9, 13], [11, 8], [12, 16], [13, 16], [14, 17], [17, 18], [18, 20], [19, 16], [22, 11], [23, 16], [24, 11], [25, 18], [26, 15], [27, 17], [28, 20], [29, 18], [31, 10], [32, 19], [33, 9], [34, 18], [35, 17], [36, 18], [37, 14], [39, 14], [41, 19], [43, 7], [44, 17], [45, 18], [47, 18], [48, 20], [49, 13], [50, 14], [52, 9], [53, 14], [54, 19], [57, 16], [59, 6], [60, 17], [61, 11], [62, 20], [63, 17], [65, 9], [66, 15], [67, 15], [69, 19], [70, 6], [71, 16], [72, 18], [73, 19], [75, 15], [76, 7], [77, 18], [78, 18], [79, 20], [80, 18], [82, 17], [83, 18], [84, 9], [85, 14], [86, 14], [87, 17], [90, 18], [91, 8]]
50 [[1, 43], [2, 41], [3, 45], [4, 56], [5, 45], [6, 63], [7, 42], [9, 58], [10, 51], [12, 18], [13, 53], [14, 52], [16, 19], [17, 49]]
