50
1
54 21 23
9
5
19
21
8
10
18
22
13
19
16
8
6
2
12
8
16
19
13
2
11
16
13
18
6
15
16
16
21
8
11
18
21
11
9
22
16
17
18
15
2
12
17
4
2
8
13
10
7
5
19
8
12
20
2
84 24 58
52
47
38
49
49
55
38
41
52
49
36
52
52
48
40
39
56
48
49
41
48
44
56
41
40
36
47
55
52
45
34
36
38
50
46
38
57
54
34
56
50
52
45
43
53
43
47
47
56
41
55
42
41
57
44
35
44
45
38
38
42
48
36
39
34
35
51
38
56
42
35
46
46
55
46
45
41
48
51
40
50
40
46
57
3
19 48 77
58
48
60
53
67
58
70
45
42
46
42
50
56
74
75
32
41
38
49
4
26 48 50
5
35
23
8
28
14
49
43
19
33
6
47
32
14
27
6
36
35
6
49
36
44
37
47
13
44
5
82 23 43
29
28
40
21
36
37
20
41
20
37
28
21
20
35
24
42
31
29
30
31
39
40
30
27
37
31
40
21
29
24
40
32
35
26
25
41
26
22
29
23
31
39
22
20
29
42
35
24
22
22
26
22
39
33
20
39
21
20
38
33
23
35
20
29
38
30
26
36
31
27
33
34
36
25
41
30
40
40
20
33
41
20
6
6 25 44
35
20
42
26
37
28
7
25 26 53
40
42
50
28
41
30
49
42
45
33
27
33
51
33
35
29
37
47
48
47
29
29
47
52
31
8
10 31 59
28
35
37
32
53
39
36
56
52
53
9
14 36 45
24
43
32
18
24
32
17
33
33
27
36
13
36
38
10
51 23 26
15
11
6
11
16
8
19
9
16
18
6
21
5
5
21
13
4
22
16
3
11
4
8
5
13
9
13
16
16
3
8
14
14
12
13
13
14
5
5
9
10
5
12
16
17
13
18
13
9
9
9
11
48 20 22
15
14
7
18
17
16
13
16
15
19
16
12
3
19
8
7
14
11
13
14
15
4
20
21
4
15
7
11
16
12
9
3
18
17
15
10
15
21
2
15
6
10
19
12
10
17
13
14
12
86 29 69
51
67
65
53
62
56
50
62
60
59
45
41
45
51
61
55
44
57
60
53
52
55
43
66
66
44
45
64
41
40
49
43
46
43
62
61
57
42
41
58
57
48
65
40
58
40
64
40
57
40
45
65
52
61
67
64
40
67
44
42
43
61
46
58
44
50
58
67
43
52
52
44
61
53
57
47
58
41
56
42
68
62
47
64
62
59
13
50 37 57
21
43
32
46
55
24
54
23
45
27
47
39
50
51
37
47
36
42
31
24
31
26
36
40
46
21
43
46
35
34
23
47
55
41
38
25
47
48
45
40
21
34
34
40
54
22
36
20
38
43
14
8 60 73
17
37
57
37
40
40
68
40
15
24 35 38
5
9
32
27
18
37
20
13
24
20
4
29
7
3
13
13
9
3
28
24
6
11
32
25
16
95 28 64
38
39
39
57
54
52
46
37
50
46
40
57
42
42
60
36
42
44
45
43
37
44
39
36
56
45
39
49
46
38
57
46
61
48
41
48
40
56
44
47
54
57
51
56
48
56
43
43
44
39
43
61
55
61
45
36
52
44
37
39
49
42
57
49
46
60
58
51
51
56
61
63
59
59
43
49
41
51
58
48
51
48
46
49
61
49
55
49
52
38
38
46
59
57
47
17
25 20 34
26
22
23
18
15
21
19
32
31
32
14
33
22
33
33
17
15
25
17
16
32
29
27
33
16
18
27 54 55
30
19
22
51
30
14
40
49
1
39
33
13
34
38
11
18
2
14
30
10
4
42
49
23
12
41
32
19
29 25 33
10
21
32
18
13
16
17
16
24
17
17
31
27
26
14
28
23
31
15
9
8
9
27
26
19
31
19
14
20
20
4 21 79
72
78
60
64
21
33 31 32
2
20
25
18
10
16
31
17
26
16
15
22
12
14
28
30
19
10
24
24
7
16
17
9
20
8
3
14
8
11
18
25
29
22
10 56 73
30
34
45
30
24
72
72
55
56
20
23
97 21 38
35
31
24
35
37
23
37
22
23
28
27
24
34
19
37
31
29
27
20
19
29
30
20
22
32
23
24
18
35
24
17
33
32
23
27
28
20
29
21
19
24
22
25
30
24
31
20
20
19
28
23
25
33
23
25
37
27
18
21
33
26
24
25
37
33
26
18
20
21
30
19
25
36
33
33
23
20
29
25
18
35
21
34
17
24
21
36
19
26
17
34
24
37
28
36
21
32
24
73 20 22
18
3
5
5
2
19
8
11
6
8
8
5
14
6
20
20
9
4
7
2
4
8
11
9
14
7
4
2
5
10
17
9
21
2
21
12
21
12
21
12
5
3
15
7
8
9
3
11
2
8
3
8
5
15
21
8
9
2
4
15
5
2
14
9
7
14
7
2
3
10
10
2
7
25
98 38 41
9
33
12
40
4
7
15
37
35
7
21
14
33
15
16
17
32
4
28
15
30
35
19
13
3
10
11
5
19
22
21
39
38
13
5
34
13
38
30
22
27
16
18
6
36
31
37
12
19
34
36
12
40
30
11
16
7
32
23
16
3
24
9
26
13
14
23
9
26
14
12
5
28
15
29
15
19
10
17
7
23
12
35
21
17
14
27
16
35
9
31
34
29
19
13
23
17
23
26
81 22 34
13
24
32
33
19
26
15
30
12
15
23
26
16
32
26
13
27
14
12
28
32
30
27
26
21
33
30
25
22
31
14
18
16
22
27
16
13
20
32
25
18
15
12
20
24
19
12
29
23
12
23
22
15
30
19
27
30
18
21
15
15
21
21
22
33
27
30
26
21
29
23
20
28
15
19
30
25
27
32
31
28
27
8 29 54
31
53
48
46
49
29
53
34
28
35 20 22
7
3
9
17
14
10
17
3
20
11
13
13
2
15
14
10
6
11
11
21
7
7
5
12
14
10
18
3
15
20
4
18
17
14
6
29
76 30 78
58
71
62
61
59
67
58
67
76
57
76
53
76
61
48
55
64
48
49
63
62
70
57
72
67
57
57
54
64
69
53
64
57
62
50
69
68
60
49
76
55
63
54
64
59
61
76
65
52
73
63
50
58
63
62
66
64
52
58
62
68
64
68
70
71
55
57
50
69
72
73
76
48
60
73
55
30
61 21 49
40
45
30
36
40
43
37
47
35
37
42
48
43
29
36
28
41
42
45
45
42
31
32
31
37
39
38
29
38
34
28
48
33
42
32
47
28
46
28
46
42
45
45
45
42
32
39
37
41
39
39
44
41
43
35
32
38
33
36
45
41
31
76 28 37
20
15
16
26
29
10
23
31
10
32
27
36
16
23
18
21
34
19
24
10
23
30
22
28
14
10
30
30
16
32
11
17
28
19
17
30
35
36
14
16
23
28
19
17
12
27
11
24
18
24
18
34
26
9
10
18
25
14
32
29
36
9
22
17
27
16
32
21
17
9
27
18
15
30
14
25
32
73 23 65
45
58
59
49
42
57
46
56
47
43
50
58
58
54
45
43
55
50
53
45
51
57
48
63
55
44
59
56
60
64
63
56
58
45
45
42
58
56
57
47
59
42
55
56
61
57
54
60
50
48
63
58
42
51
48
54
53
63
52
51
48
47
49
64
52
48
63
49
52
55
53
58
55
33
97 48 57
27
55
15
43
14
11
37
45
45
41
36
16
24
38
10
53
49
27
16
25
15
30
28
15
42
25
37
21
41
31
29
52
40
53
49
13
55
43
49
28
56
45
55
41
53
35
56
34
47
53
46
46
43
56
55
15
23
50
43
33
24
9
47
49
36
46
26
36
56
41
30
23
43
28
22
28
30
20
31
34
26
39
14
23
37
55
17
34
44
41
56
30
41
37
25
19
50
34
36 43 77
47
60
56
60
42
67
47
38
41
55
56
76
59
71
61
47
74
61
69
54
37
41
65
56
56
64
41
48
39
71
40
34
37
61
36
69
35
4 24 47
30
33
26
27
36
87 32 42
22
23
11
23
38
40
39
21
19
15
30
32
22
32
12
39
21
40
11
22
15
34
13
12
40
37
27
14
13
22
39
19
30
29
10
40
39
15
41
20
12
39
17
39
30
25
23
10
15
16
31
18
26
24
16
19
28
20
40
14
37
36
14
25
25
29
16
28
39
38
41
34
22
40
41
10
12
39
16
11
11
15
15
14
40
29
38
37
12 46 52
37
11
47
51
44
39
23
46
10
17
11
32
38
3 44 57
24
53
22
39
85 58 67
10
43
60
47
59
45
63
33
37
40
48
44
40
11
62
15
50
40
22
25
35
24
28
61
65
41
37
41
65
59
11
50
20
12
56
32
40
48
56
52
15
44
66
21
12
13
20
49
21
45
14
41
59
21
10
66
38
52
57
34
47
58
50
27
60
32
53
57
49
32
59
22
63
35
38
21
59
42
50
59
45
35
11
32
22
40
4 75 78
74
73
35
10
41
30 44 64
46
50
43
52
55
62
49
30
40
54
33
34
34
20
61
50
24
34
61
23
47
30
58
46
51
25
40
26
24
49
42
64 39 48
42
23
20
33
19
41
36
44
10
41
17
42
25
26
39
19
11
10
12
20
34
25
35
35
18
47
12
27
19
42
23
25
38
17
31
34
31
26
29
14
10
34
26
46
21
32
44
10
9
47
47
11
33
24
9
19
38
23
20
11
12
24
20
26
43
25 24 37
36
23
29
25
22
16
17
18
23
35
33
24
18
15
16
19
26
22
36
32
16
24
31
28
36
44
34 24 31
24
24
28
22
15
22
11
24
14
30
11
14
12
11
15
27
18
20
19
29
13
22
11
14
23
21
15
11
22
30
7
30
14
13
45
3 30 31
15
17
24
46
4 39 61
30
35
32
32
47
44 31 54
35
24
44
39
48
53
48
38
37
25
29
37
29
39
34
46
51
41
36
47
30
49
43
41
23
44
23
35
33
46
31
37
45
50
38
40
48
31
23
25
37
31
27
49
48
10 31 52
28
36
36
22
39
39
28
47
50
26
49
91 20 40
27
26
28
21
28
38
26
37
32
35
32
24
24
31
34
38
22
20
39
34
31
29
24
29
22
25
23
20
23
39
30
21
31
22
23
22
37
29
32
34
22
39
33
23
23
39
22
20
27
28
38
31
26
24
38
39
32
32
34
23
29
20
32
31
31
25
34
31
21
34
24
22
31
30
25
33
22
22
20
39
23
23
22
31
26
26
30
39
34
22
32
50
17 63 65
22
24
20
9
20
2
29
59
7
35
44
47
12
17
61
46
16